>> % Modul 3
>> % 3.1
>> sys=tf([1 2],[1 4 3]);
>> % Create time variable
>> t=0:0.1:10

t =

  Columns 1 through 16

         0    0.1000    0.2000    0.3000    0.4000    0.5000    0.6000    0.7000    0.8000    0.9000    1.0000    1.1000    1.2000    1.3000    1.4000    1.5000

  Columns 17 through 32

    1.6000    1.7000    1.8000    1.9000    2.0000    2.1000    2.2000    2.3000    2.4000    2.5000    2.6000    2.7000    2.8000    2.9000    3.0000    3.1000

  Columns 33 through 48

    3.2000    3.3000    3.4000    3.5000    3.6000    3.7000    3.8000    3.9000    4.0000    4.1000    4.2000    4.3000    4.4000    4.5000    4.6000    4.7000

  Columns 49 through 64

    4.8000    4.9000    5.0000    5.1000    5.2000    5.3000    5.4000    5.5000    5.6000    5.7000    5.8000    5.9000    6.0000    6.1000    6.2000    6.3000

  Columns 65 through 80

    6.4000    6.5000    6.6000    6.7000    6.8000    6.9000    7.0000    7.1000    7.2000    7.3000    7.4000    7.5000    7.6000    7.7000    7.8000    7.9000

  Columns 81 through 96

    8.0000    8.1000    8.2000    8.3000    8.4000    8.5000    8.6000    8.7000    8.8000    8.9000    9.0000    9.1000    9.2000    9.3000    9.4000    9.5000

  Columns 97 through 101

    9.6000    9.7000    9.8000    9.9000   10.0000

>> % Create input
>> u=sin(1.2*t)

u =

  Columns 1 through 16

         0    0.1197    0.2377    0.3523    0.4618    0.5646    0.6594    0.7446    0.8192    0.8820    0.9320    0.9687    0.9915    0.9999    0.9940    0.9738

  Columns 17 through 32

    0.9396    0.8919    0.8314    0.7589    0.6755    0.5823    0.4808    0.3724    0.2586    0.1411    0.0216   -0.0982   -0.2167   -0.3320   -0.4425   -0.5467

  Columns 33 through 48

   -0.6430   -0.7301   -0.8066   -0.8716   -0.9240   -0.9631   -0.9884   -0.9995   -0.9962   -0.9785   -0.9468   -0.9015   -0.8432   -0.7728   -0.6912   -0.5997

  Columns 49 through 64

   -0.4996   -0.3924   -0.2794   -0.1625   -0.0432    0.0767    0.1955    0.3115    0.4231    0.5285    0.6263    0.7151    0.7937    0.8608    0.9155    0.9571

  Columns 65 through 80

    0.9849    0.9985    0.9978    0.9827    0.9535    0.9106    0.8546    0.7863    0.7067    0.6169    0.5182    0.4121    0.3001    0.1837    0.0647   -0.0552

  Columns 81 through 96

   -0.1743   -0.2910   -0.4034   -0.5100   -0.6093   -0.6999   -0.7803   -0.8496   -0.9066   -0.9506   -0.9809   -0.9971   -0.9990   -0.9865   -0.9598   -0.9193

  Columns 97 through 101

   -0.8656   -0.7994   -0.7218   -0.6337   -0.5366

>> % Plot the response
>> lsim(sys,u,t)
>> grid on
>> % 3.2
>> A = [-1.5 -3; 3 -1];
>> B = [1.3; 0];
>> C = [1.15 2.3];
>> D = 0;
>> sys = ss(A,B,C,D);
>> x0 = [-0.2 0.3];
>> t = 0:0.05:8;
>> u = zeros(length(t),1);
>> u(t>=2) = 1;
>> lsim(sys,u,t,x0)
>> [y,t,x]=lsim(sys,u,t,x0)

y =

    0.4600
    0.3251
    0.1980
    0.0809
   -0.0243
   -0.1166
   -0.1952
   -0.2597
   -0.3103
   -0.3473
   -0.3714
   -0.3835
   -0.3847
   -0.3764
   -0.3597
   -0.3362
   -0.3071
   -0.2739
   -0.2378
   -0.2002
   -0.1620
   -0.1243
   -0.0880
   -0.0538
   -0.0223
    0.0061
    0.0310
    0.0522
    0.0696
    0.0832
    0.0932
    0.0998
    0.1031
    0.1035
    0.1012
    0.0968
    0.0905
    0.0827
    0.0738
    0.0641
    0.0540
    0.1262
    0.2114
    0.3059
    0.4063
    0.5094
    0.6124
    0.7128
    0.8084
    0.8973
    0.9783
    1.0502
    1.1124
    1.1643
    1.2061
    1.2378
    1.2598
    1.2728
    1.2774
    1.2746
    1.2653
    1.2504
    1.2311
    1.2082
    1.1828
    1.1559
    1.1281
    1.1004
    1.0734
    1.0477
    1.0238
    1.0020
    0.9826
    0.9658
    0.9518
    0.9405
    0.9320
    0.9260
    0.9225
    0.9212
    0.9219
    0.9244
    0.9284
    0.9336
    0.9397
    0.9465
    0.9537
    0.9612
    0.9686
    0.9759
    0.9828
    0.9893
    0.9952
    1.0004
    1.0049
    1.0087
    1.0117
    1.0140
    1.0156
    1.0166
    1.0170
    1.0168
    1.0161
    1.0151
    1.0137
    1.0120
    1.0102
    1.0082
    1.0062
    1.0042
    1.0023
    1.0004
    0.9987
    0.9971
    0.9957
    0.9945
    0.9935
    0.9926
    0.9920
    0.9916
    0.9913
    0.9912
    0.9913
    0.9914
    0.9917
    0.9921
    0.9925
    0.9930
    0.9935
    0.9941
    0.9946
    0.9951
    0.9956
    0.9961
    0.9965
    0.9969
    0.9973
    0.9975
    0.9977
    0.9979
    0.9980
    0.9981
    0.9981
    0.9981
    0.9981
    0.9980
    0.9979
    0.9978
    0.9976
    0.9975
    0.9974
    0.9972
    0.9971
    0.9969
    0.9968
    0.9967
    0.9966
    0.9965
    0.9964
    0.9964
    0.9963


t =

         0
    0.0500
    0.1000
    0.1500
    0.2000
    0.2500
    0.3000
    0.3500
    0.4000
    0.4500
    0.5000
    0.5500
    0.6000
    0.6500
    0.7000
    0.7500
    0.8000
    0.8500
    0.9000
    0.9500
    1.0000
    1.0500
    1.1000
    1.1500
    1.2000
    1.2500
    1.3000
    1.3500
    1.4000
    1.4500
    1.5000
    1.5500
    1.6000
    1.6500
    1.7000
    1.7500
    1.8000
    1.8500
    1.9000
    1.9500
    2.0000
    2.0500
    2.1000
    2.1500
    2.2000
    2.2500
    2.3000
    2.3500
    2.4000
    2.4500
    2.5000
    2.5500
    2.6000
    2.6500
    2.7000
    2.7500
    2.8000
    2.8500
    2.9000
    2.9500
    3.0000
    3.0500
    3.1000
    3.1500
    3.2000
    3.2500
    3.3000
    3.3500
    3.4000
    3.4500
    3.5000
    3.5500
    3.6000
    3.6500
    3.7000
    3.7500
    3.8000
    3.8500
    3.9000
    3.9500
    4.0000
    4.0500
    4.1000
    4.1500
    4.2000
    4.2500
    4.3000
    4.3500
    4.4000
    4.4500
    4.5000
    4.5500
    4.6000
    4.6500
    4.7000
    4.7500
    4.8000
    4.8500
    4.9000
    4.9500
    5.0000
    5.0500
    5.1000
    5.1500
    5.2000
    5.2500
    5.3000
    5.3500
    5.4000
    5.4500
    5.5000
    5.5500
    5.6000
    5.6500
    5.7000
    5.7500
    5.8000
    5.8500
    5.9000
    5.9500
    6.0000
    6.0500
    6.1000
    6.1500
    6.2000
    6.2500
    6.3000
    6.3500
    6.4000
    6.4500
    6.5000
    6.5500
    6.6000
    6.6500
    6.7000
    6.7500
    6.8000
    6.8500
    6.9000
    6.9500
    7.0000
    7.0500
    7.1000
    7.1500
    7.2000
    7.2500
    7.3000
    7.3500
    7.4000
    7.4500
    7.5000
    7.5500
    7.6000
    7.6500
    7.7000
    7.7500
    7.8000
    7.8500
    7.9000
    7.9500
    8.0000


